WITH DIFFERENCE CONSIDERATION OF 36
  Present_Total_Heartbeat Predicted_Total_Heartbeat    TP    FP    FN
0                    2274                      2273  2273     0     1
0                    1874                      1867  1865     2     9
0                    2192                      2200  2153    47    39
0                    2091                      2080  2079     1    12
0                    2311                      2164  1921   243   390
0                    2691                      2619  2490   129   201
0                    2098                      2006  2000     6    98
0                    2140                      2583  1932   651   208
0                    1824                      2139  1694   445   130
0                    2535                      2529  2521     8    14
0                    2133                      2130  2124     6     9
0                    2550                      2541  2540     1    10
0                    1796                      1795  1795     0     1
0                    1890                      1878  1878     0    12
0                    1962                      1954  1953     1     9
0                    2421                      2392  2386     6    35
0                    1539                      1537  1535     2     4
0                    2301                      2280  2279     1    22
0                    2094                      1989  1988     1   106
0                    1876                      1865  1858     7    18
0                    2479                      2479  2478     1     1
0                    1519                      1517  1516     1     3
0                    1634                      1612  1610     2    24
0                    2792                      2661  2588    73   204
0                    2039                      1955  1895    60   144
0                    2146                      2130  2121     9    25
0                    3108                      2949  2853    96   255
0                    2672                      2656  2651     5    21
0                    2385                      2280  2121   159   264
0                    3040                      2717  2711     6   329
0                    3052                      3007  3006     1    46
0                    2685                      2611  2602     9    83
0                    2763                      2749  2748     1    15
0                    3294                      3243  3243     0    51
0                    2297                      2304  2258    46    39
0                    3400                      3352  3349     3    51
0                    2280                      3286  2176  1110   104
0                    2312                      2155  2153     2   159
0                    2069                      2048  2048     0    21
0                    2462                      2501  2351   150   111
0                    2634                      2486  2483     3   151
0                    2643                      2511  2510     1   133
0                    2141                       936   915    21  1226
0                    2466                      2257  2257     0   209
0                    2011                      1572  1570     2   441
0                    1816                      1787  1780     7    36
0                    3152                      3078  3078     0    74
0                    2764                      2750  2749     1    15
Sensivity : 0.9506156400081671
Positive predictivity : 0.9698759170365003

WITH DIFFERENCE CONSIDERATION OF 50
  Present_Total_Heartbeat Predicted_Total_Heartbeat    TP    FP    FN
0                    2274                      2273  2273     0     1
0                    1874                      1867  1865     2     9
0                    2192                      2200  2186    14     6
0                    2091                      2080  2079     1    12
0                    2311                      2164  1943   221   368
0                    2691                      2619  2505   114   186
0                    2098                      2006  2000     6    98
0                    2140                      2583  2016   567   124
0                    1824                      2139  1732   407    92
0                    2535                      2529  2528     1     7
0                    2133                      2130  2124     6     9
0                    2550                      2541  2540     1    10
0                    1796                      1795  1795     0     1
0                    1890                      1878  1878     0    12
0                    1962                      1954  1954     0     8
0                    2421                      2392  2386     6    35
0                    1539                      1537  1535     2     4
0                    2301                      2280  2279     1    22
0                    2094                      1989  1988     1   106
0                    1876                      1865  1860     5    16
0                    2479                      2479  2478     1     1
0                    1519                      1517  1516     1     3
0                    1634                      1612  1610     2    24
0                    2792                      2661  2595    66   197
0                    2039                      1955  1895    60   144
0                    2146                      2130  2121     9    25
0                    3108                      2949  2870    79   238
0                    2672                      2656  2652     4    20
0                    2385                      2280  2173   107   212
0                    3040                      2717  2712     5   328
0                    3052                      3007  3006     1    46
0                    2685                      2611  2603     8    82
0                    2763                      2749  2748     1    15
0                    3294                      3243  3243     0    51
0                    2297                      2304  2259    45    38
0                    3400                      3352  3350     2    50
0                    2280                      3286  2202  1084    78
0                    2312                      2155  2153     2   159
0                    2069                      2048  2048     0    21
0                    2462                      2501  2352   149   110
0                    2634                      2486  2483     3   151
0                    2643                      2511  2510     1   133
0                    2141                       936   917    19  1224
0                    2466                      2257  2257     0   209
0                    2011                      1572  1570     2   441
0                    1816                      1787  1780     7    36
0                    3152                      3078  3078     0    74
0                    2764                      2750  2749     1    15
Sensivity : 0.9533853542482268
Positive predictivity : 0.9727017480300697

WITH DIFFERENCE CONSIDERATION OF 40
  Present_Total_Heartbeat Predicted_Total_Heartbeat    TP    FP    FN
0                    2274                      2273  2273     0     1
0                    1874                      1867  1865     2     9
0                    2192                      2200  2173    27    19
0                    2091                      2080  2079     1    12
0                    2311                      2164  1935   229   376
0                    2691                      2619  2495   124   196
0                    2098                      2006  2000     6    98
0                    2140                      2583  1961   622   179
0                    1824                      2139  1728   411    96
0                    2535                      2529  2522     7    13
0                    2133                      2130  2124     6     9
0                    2550                      2541  2540     1    10
0                    1796                      1795  1795     0     1
0                    1890                      1878  1878     0    12
0                    1962                      1954  1953     1     9
0                    2421                      2392  2386     6    35
0                    1539                      1537  1535     2     4
0                    2301                      2280  2279     1    22
0                    2094                      1989  1988     1   106
0                    1876                      1865  1860     5    16
0                    2479                      2479  2478     1     1
0                    1519                      1517  1516     1     3
0                    1634                      1612  1610     2    24
0                    2792                      2661  2592    69   200
0                    2039                      1955  1895    60   144
0                    2146                      2130  2121     9    25
0                    3108                      2949  2855    94   253
0                    2672                      2656  2652     4    20
0                    2385                      2280  2143   137   242
0                    3040                      2717  2711     6   329
0                    3052                      3007  3006     1    46
0                    2685                      2611  2602     9    83
0                    2763                      2749  2748     1    15
0                    3294                      3243  3243     0    51
0                    2297                      2304  2259    45    38
0                    3400                      3352  3349     3    51
0                    2280                      3286  2198  1088    82
0                    2312                      2155  2153     2   159
0                    2069                      2048  2048     0    21
0                    2462                      2501  2351   150   111
0                    2634                      2486  2483     3   151
0                    2643                      2511  2510     1   133
0                    2141                       936   916    20  1225
0                    2466                      2257  2257     0   209
0                    2011                      1572  1570     2   441
0                    1816                      1787  1780     7    36
0                    3152                      3078  3078     0    74
0                    2764                      2750  2749     1    15
Sensivity : 0.9520182517066589
Positive predictivity : 0.9713069468345259